//----------------------------------------
//Multipak Exporter  1.2.8
//Load file from ..\source\PHI_AES\Au_foil2.spe
//----------------------------------------
//----------------------------------------
//HEADER INFORMATION
Platform:PC
Technique:AES
FileType:SPECTRUM
FileDesc:
FileDate:117 5 15
AcqFileDate:117 5 15
AcqFilename:Au_foil2.spe
EBeamEnergy:10.0 keV
EBeamCurrent:1.035171e-08 A
EBeamDiameter:0.00 nm
SourceAnalyserAngle:0.0 d
AnalyserMode:FRR
AnalyserWorkFcn:4.5 eV
SputterRaster:0.0 0.0 um
PreAcqSputterTime:0 s
PreAcqSputterRate:1.0 A/s
NoSpectralReg:1
SpectralRegDef:1 1 Sur1 111 2401 1.0000 0.0 2400.0 0.0 2400.0 0.200000 0.00 none
Magnification:10000.0
NoSpatialArea:1
SpatialAreaDef:1 Full 1 (0.0 0.0 0.0 0.0 0.0)
ImageSizeXY: invalid XrayBeamDiameter 


//Area Comment,RegionNo,AtomicName,Area No,XLabel,YLabel,DataCount

1
Survey
1
Kinetic Energy(eV)
Intensity(cps)
2401
0.0000	194484.9844
1.0000	397634.9688
2.0000	857399.9375
3.0000	2686429.7500
4.0000	3850609.7500
5.0000	4366254.5000
6.0000	4654424.5000
7.0000	4736634.5000
8.0000	4820824.5000
9.0000	4753574.5000
10.0000	4742184.5000
11.0000	4701134.5000
12.0000	4713679.5000
13.0000	4629299.5000
14.0000	4445624.5000
15.0000	4384324.5000
16.0000	4277254.5000
17.0000	4231034.5000
18.0000	4101484.7500
19.0000	4022899.7500
20.0000	3925134.7500
21.0000	3853224.7500
22.0000	3798549.7500
23.0000	3716689.7500
24.0000	3706474.7500
25.0000	3617329.7500
26.0000	3582214.7500
27.0000	3512799.7500
28.0000	3454304.7500
29.0000	3407079.7500
30.0000	3353869.7500
31.0000	3334239.7500
32.0000	3269764.7500
33.0000	3271294.7500
34.0000	3223249.7500
35.0000	3234159.7500
36.0000	3217784.7500
37.0000	3221134.7500
38.0000	3235439.7500
39.0000	3215554.7500
40.0000	3233964.7500
41.0000	3181419.7500
42.0000	3169289.7500
43.0000	3114479.7500
44.0000	3078444.7500
45.0000	3024239.7500
46.0000	2958019.7500
47.0000	2924589.7500
48.0000	2851664.7500
49.0000	2828619.7500
50.0000	2774934.7500
51.0000	2759844.7500
52.0000	2737634.7500
53.0000	2735619.7500
54.0000	2742419.7500
55.0000	2731564.7500
56.0000	2742909.7500
57.0000	2714344.7500
58.0000	2723044.7500
59.0000	2695814.7500
60.0000	2674519.7500
61.0000	2666914.7500
62.0000	2669104.7500
63.0000	2690659.7500
64.0000	2679429.7500
65.0000	2763084.7500
66.0000	2879279.7500
67.0000	2978304.7500
68.0000	2988164.7500
69.0000	2990869.7500
70.0000	2942809.7500
71.0000	2820789.7500
72.0000	2721384.7500
73.0000	2595499.7500
74.0000	2510409.7500
75.0000	2418189.7500
76.0000	2339844.7500
77.0000	2279239.7500
78.0000	2215799.7500
79.0000	2176984.7500
80.0000	2139889.7500
81.0000	2111644.7500
82.0000	2082159.8750
83.0000	2074959.8750
84.0000	2062829.8750
85.0000	2052649.8750
86.0000	2049429.8750
87.0000	2045344.8750
88.0000	2046589.8750
89.0000	2035569.8750
90.0000	2043299.8750
91.0000	2041969.8750
92.0000	2034874.8750
93.0000	2033479.8750
94.0000	2034334.8750
95.0000	2037094.8750
96.0000	2030124.8750
97.0000	2028314.8750
98.0000	2023594.8750
99.0000	2023644.8750
100.0000	2023199.8750
101.0000	2015324.8750
102.0000	2017334.8750
103.0000	2012174.8750
104.0000	2017924.8750
105.0000	2015169.8750
106.0000	2019739.8750
107.0000	2017264.8750
108.0000	2016914.8750
109.0000	2022994.8750
110.0000	2024619.8750
111.0000	2024734.8750
112.0000	2026759.8750
113.0000	2034724.8750
114.0000	2035534.8750
115.0000	2036849.8750
116.0000	2041244.8750
117.0000	2045314.8750
118.0000	2047164.8750
119.0000	2050924.8750
120.0000	2052024.8750
121.0000	2061489.8750
122.0000	2066684.8750
123.0000	2071624.8750
124.0000	2073869.8750
125.0000	2082779.8750
126.0000	2087679.8750
127.0000	2089769.8750
128.0000	2098999.7500
129.0000	2102259.7500
130.0000	2102614.7500
131.0000	2109929.7500
132.0000	2117874.7500
133.0000	2123344.7500
134.0000	2124599.7500
135.0000	2134829.7500
136.0000	2139179.7500
137.0000	2149349.7500
138.0000	2163144.7500
139.0000	2173209.7500
140.0000	2184419.7500
141.0000	2191499.7500
142.0000	2196959.7500
143.0000	2196499.7500
144.0000	2196819.7500
145.0000	2197634.7500
146.0000	2199984.7500
147.0000	2201104.7500
148.0000	2204984.7500
149.0000	2210039.7500
150.0000	2213139.7500
151.0000	2207064.7500
152.0000	2200429.7500
153.0000	2193734.7500
154.0000	2193409.7500
155.0000	2192239.7500
156.0000	2193164.7500
157.0000	2201404.7500
158.0000	2211239.7500
159.0000	2223194.7500
160.0000	2229019.7500
161.0000	2221194.7500
162.0000	2217094.7500
163.0000	2210769.7500
164.0000	2208299.7500
165.0000	2205804.7500
166.0000	2193579.7500
167.0000	2193789.7500
168.0000	2187399.7500
169.0000	2183799.7500
170.0000	2179074.7500
171.0000	2181849.7500
172.0000	2182819.7500
173.0000	2182574.7500
174.0000	2185629.7500
175.0000	2194149.7500
176.0000	2199699.7500
177.0000	2204194.7500
178.0000	2206789.7500
179.0000	2211784.7500
180.0000	2212779.7500
181.0000	2215569.7500
182.0000	2219049.7500
183.0000	2221279.7500
184.0000	2215604.7500
185.0000	2222659.7500
186.0000	2220204.7500
187.0000	2216689.7500
188.0000	2216244.7500
189.0000	2213944.7500
190.0000	2217729.7500
191.0000	2217759.7500
192.0000	2220489.7500
193.0000	2224404.7500
194.0000	2228499.7500
195.0000	2232724.7500
196.0000	2233869.7500
197.0000	2235209.7500
198.0000	2235389.7500
199.0000	2234004.7500
200.0000	2235274.7500
201.0000	2240319.7500
202.0000	2240734.7500
203.0000	2240679.7500
204.0000	2245584.7500
205.0000	2242099.7500
206.0000	2244694.7500
207.0000	2248629.7500
208.0000	2241924.7500
209.0000	2246234.7500
210.0000	2248419.7500
211.0000	2254724.7500
212.0000	2257054.7500
213.0000	2262649.7500
214.0000	2269319.7500
215.0000	2267704.7500
216.0000	2269894.7500
217.0000	2276904.7500
218.0000	2274704.7500
219.0000	2277264.7500
220.0000	2280719.7500
221.0000	2284599.7500
222.0000	2293654.7500
223.0000	2298534.7500
224.0000	2301389.7500
225.0000	2310879.7500
226.0000	2315699.7500
227.0000	2326464.7500
228.0000	2331719.7500
229.0000	2339679.7500
230.0000	2345519.7500
231.0000	2356114.7500
232.0000	2361349.7500
233.0000	2377169.7500
234.0000	2384444.7500
235.0000	2399294.7500
236.0000	2409059.7500
237.0000	2407384.7500
238.0000	2411674.7500
239.0000	2407574.7500
240.0000	2393999.7500
241.0000	2387294.7500
242.0000	2376554.7500
243.0000	2367829.7500
244.0000	2353184.7500
245.0000	2355554.7500
246.0000	2351404.7500
247.0000	2355729.7500
248.0000	2360464.7500
249.0000	2364029.7500
250.0000	2371379.7500
251.0000	2377809.7500
252.0000	2380524.7500
253.0000	2389259.7500
254.0000	2379204.7500
255.0000	2376804.7500
256.0000	2371859.7500
257.0000	2367789.7500
258.0000	2363149.7500
259.0000	2355019.7500
260.0000	2348319.7500
261.0000	2344419.7500
262.0000	2349679.7500
263.0000	2347254.7500
264.0000	2347009.7500
265.0000	2345514.7500
266.0000	2349349.7500
267.0000	2340379.7500
268.0000	2335654.7500
269.0000	2334974.7500
270.0000	2332204.7500
271.0000	2328799.7500
272.0000	2326299.7500
273.0000	2316774.7500
274.0000	2310489.7500
275.0000	2309009.7500
276.0000	2302884.7500
277.0000	2301174.7500
278.0000	2298029.7500
279.0000	2296044.7500
280.0000	2296529.7500
281.0000	2292554.7500
282.0000	2301219.7500
283.0000	2298909.7500
284.0000	2298169.7500
285.0000	2298124.7500
286.0000	2302359.7500
287.0000	2296879.7500
288.0000	2304329.7500
289.0000	2305214.7500
290.0000	2308334.7500
291.0000	2303329.7500
292.0000	2307729.7500
293.0000	2312869.7500
294.0000	2308319.7500
295.0000	2312429.7500
296.0000	2312804.7500
297.0000	2317699.7500
298.0000	2318814.7500
299.0000	2321914.7500
300.0000	2321359.7500
301.0000	2319634.7500
302.0000	2318774.7500
303.0000	2327184.7500
304.0000	2325354.7500
305.0000	2329274.7500
306.0000	2326784.7500
307.0000	2330629.7500
308.0000	2332214.7500
309.0000	2335589.7500
310.0000	2337729.7500
311.0000	2338994.7500
312.0000	2340674.7500
313.0000	2337754.7500
314.0000	2341339.7500
315.0000	2345434.7500
316.0000	2347459.7500
317.0000	2356579.7500
318.0000	2359019.7500
319.0000	2362359.7500
320.0000	2361339.7500
321.0000	2363109.7500
322.0000	2358454.7500
323.0000	2357544.7500
324.0000	2363314.7500
325.0000	2363849.7500
326.0000	2366179.7500
327.0000	2368934.7500
328.0000	2366709.7500
329.0000	2364529.7500
330.0000	2370699.7500
331.0000	2375314.7500
332.0000	2375424.7500
333.0000	2376759.7500
334.0000	2379379.7500
335.0000	2385399.7500
336.0000	2379649.7500
337.0000	2377654.7500
338.0000	2378344.7500
339.0000	2380939.7500
340.0000	2379784.7500
341.0000	2380819.7500
342.0000	2383789.7500
343.0000	2383659.7500
344.0000	2383109.7500
345.0000	2386224.7500
346.0000	2389939.7500
347.0000	2388319.7500
348.0000	2387034.7500
349.0000	2389729.7500
350.0000	2391939.7500
351.0000	2388889.7500
352.0000	2392264.7500
353.0000	2394244.7500
354.0000	2395949.7500
355.0000	2393664.7500
356.0000	2396104.7500
357.0000	2398589.7500
358.0000	2392324.7500
359.0000	2399329.7500
360.0000	2399709.7500
361.0000	2398479.7500
362.0000	2398789.7500
363.0000	2397784.7500
364.0000	2396134.7500
365.0000	2398364.7500
366.0000	2397424.7500
367.0000	2402484.7500
368.0000	2403679.7500
369.0000	2403354.7500
370.0000	2403949.7500
371.0000	2402954.7500
372.0000	2405409.7500
373.0000	2407024.7500
374.0000	2405664.7500
375.0000	2407359.7500
376.0000	2407644.7500
377.0000	2409194.7500
378.0000	2407944.7500
379.0000	2403414.7500
380.0000	2409754.7500
381.0000	2412084.7500
382.0000	2416879.7500
383.0000	2423024.7500
384.0000	2420419.7500
385.0000	2417509.7500
386.0000	2417744.7500
387.0000	2421474.7500
388.0000	2425444.7500
389.0000	2424434.7500
390.0000	2422624.7500
391.0000	2425384.7500
392.0000	2427409.7500
393.0000	2428604.7500
394.0000	2424834.7500
395.0000	2426414.7500
396.0000	2427444.7500
397.0000	2422294.7500
398.0000	2420134.7500
399.0000	2418914.7500
400.0000	2418179.7500
401.0000	2417454.7500
402.0000	2415809.7500
403.0000	2415754.7500
404.0000	2415329.7500
405.0000	2413529.7500
406.0000	2416344.7500
407.0000	2416324.7500
408.0000	2415659.7500
409.0000	2412519.7500
410.0000	2413259.7500
411.0000	2411804.7500
412.0000	2411974.7500
413.0000	2410934.7500
414.0000	2410469.7500
415.0000	2411549.7500
416.0000	2414274.7500
417.0000	2415364.7500
418.0000	2415849.7500
419.0000	2414439.7500
420.0000	2414669.7500
421.0000	2418649.7500
422.0000	2421344.7500
423.0000	2421629.7500
424.0000	2418344.7500
425.0000	2420484.7500
426.0000	2423354.7500
427.0000	2424569.7500
428.0000	2427654.7500
429.0000	2422269.7500
430.0000	2427794.7500
431.0000	2424709.7500
432.0000	2425114.7500
433.0000	2424229.7500
434.0000	2423654.7500
435.0000	2419124.7500
436.0000	2424389.7500
437.0000	2420479.7500
438.0000	2421664.7500
439.0000	2423579.7500
440.0000	2421869.7500
441.0000	2417369.7500
442.0000	2420784.7500
443.0000	2420499.7500
444.0000	2422119.7500
445.0000	2422709.7500
446.0000	2424039.7500
447.0000	2427634.7500
448.0000	2424249.7500
449.0000	2431209.7500
450.0000	2427844.7500
451.0000	2425254.7500
452.0000	2429884.7500
453.0000	2421614.7500
454.0000	2425479.7500
455.0000	2426754.7500
456.0000	2423279.7500
457.0000	2419529.7500
458.0000	2416109.7500
459.0000	2419694.7500
460.0000	2424934.7500
461.0000	2422264.7500
462.0000	2417704.7500
463.0000	2425834.7500
464.0000	2423894.7500
465.0000	2424429.7500
466.0000	2425439.7500
467.0000	2425249.7500
468.0000	2428234.7500
469.0000	2424749.7500
470.0000	2425519.7500
471.0000	2427609.7500
472.0000	2423819.7500
473.0000	2424334.7500
474.0000	2424214.7500
475.0000	2421969.7500
476.0000	2425829.7500
477.0000	2426489.7500
478.0000	2423809.7500
479.0000	2420759.7500
480.0000	2421224.7500
481.0000	2415594.7500
482.0000	2418829.7500
483.0000	2417169.7500
484.0000	2419129.7500
485.0000	2417379.7500
486.0000	2421084.7500
487.0000	2419169.7500
488.0000	2416069.7500
489.0000	2414844.7500
490.0000	2416624.7500
491.0000	2424304.7500
492.0000	2418804.7500
493.0000	2418794.7500
494.0000	2417344.7500
495.0000	2419939.7500
496.0000	2419279.7500
497.0000	2420374.7500
498.0000	2422819.7500
499.0000	2422649.7500
500.0000	2424234.7500
501.0000	2422184.7500
502.0000	2420609.7500
503.0000	2422154.7500
504.0000	2421224.7500
505.0000	2424304.7500
506.0000	2423324.7500
507.0000	2422349.7500
508.0000	2416704.7500
509.0000	2420119.7500
510.0000	2418174.7500
511.0000	2416934.7500
512.0000	2418309.7500
513.0000	2418604.7500
514.0000	2413284.7500
515.0000	2418444.7500
516.0000	2419819.7500
517.0000	2416134.7500
518.0000	2414104.7500
519.0000	2416789.7500
520.0000	2415299.7500
521.0000	2417889.7500
522.0000	2418479.7500
523.0000	2415924.7500
524.0000	2419669.7500
525.0000	2421009.7500
526.0000	2416559.7500
527.0000	2417134.7500
528.0000	2421599.7500
529.0000	2420669.7500
530.0000	2424424.7500
531.0000	2421794.7500
532.0000	2418964.7500
533.0000	2421979.7500
534.0000	2421339.7500
535.0000	2421404.7500
536.0000	2419164.7500
537.0000	2422879.7500
538.0000	2423689.7500
539.0000	2422839.7500
540.0000	2424789.7500
541.0000	2423924.7500
542.0000	2425369.7500
543.0000	2426034.7500
544.0000	2429959.7500
545.0000	2426404.7500
546.0000	2425709.7500
547.0000	2423339.7500
548.0000	2425449.7500
549.0000	2422094.7500
550.0000	2423769.7500
551.0000	2427879.7500
552.0000	2426909.7500
553.0000	2428434.7500
554.0000	2434554.7500
555.0000	2434714.7500
556.0000	2426589.7500
557.0000	2428624.7500
558.0000	2427904.7500
559.0000	2421694.7500
560.0000	2423579.7500
561.0000	2423584.7500
562.0000	2426564.7500
563.0000	2427099.7500
564.0000	2426034.7500
565.0000	2425879.7500
566.0000	2423774.7500
567.0000	2427234.7500
568.0000	2430114.7500
569.0000	2428694.7500
570.0000	2427504.7500
571.0000	2425644.7500
572.0000	2429939.7500
573.0000	2429059.7500
574.0000	2423414.7500
575.0000	2424404.7500
576.0000	2421284.7500
577.0000	2424869.7500
578.0000	2419969.7500
579.0000	2421229.7500
580.0000	2419354.7500
581.0000	2419634.7500
582.0000	2417399.7500
583.0000	2418244.7500
584.0000	2416109.7500
585.0000	2415154.7500
586.0000	2423784.7500
587.0000	2418834.7500
588.0000	2416289.7500
589.0000	2414889.7500
590.0000	2417064.7500
591.0000	2419324.7500
592.0000	2419069.7500
593.0000	2419779.7500
594.0000	2414919.7500
595.0000	2419894.7500
596.0000	2416424.7500
597.0000	2412659.7500
598.0000	2417334.7500
599.0000	2417804.7500
600.0000	2423384.7500
601.0000	2414984.7500
602.0000	2425984.7500
603.0000	2418104.7500
604.0000	2420334.7500
605.0000	2418089.7500
606.0000	2424784.7500
607.0000	2419789.7500
608.0000	2418954.7500
609.0000	2425164.7500
610.0000	2421034.7500
611.0000	2423669.7500
612.0000	2419459.7500
613.0000	2424289.7500
614.0000	2419369.7500
615.0000	2422839.7500
616.0000	2421904.7500
617.0000	2420759.7500
618.0000	2423794.7500
619.0000	2423634.7500
620.0000	2421289.7500
621.0000	2416369.7500
622.0000	2423619.7500
623.0000	2424194.7500
624.0000	2419974.7500
625.0000	2423134.7500
626.0000	2422199.7500
627.0000	2424534.7500
628.0000	2422164.7500
629.0000	2420849.7500
630.0000	2424574.7500
631.0000	2419949.7500
632.0000	2420889.7500
633.0000	2422649.7500
634.0000	2423569.7500
635.0000	2426074.7500
636.0000	2425089.7500
637.0000	2429444.7500
638.0000	2427229.7500
639.0000	2426689.7500
640.0000	2427919.7500
641.0000	2426334.7500
642.0000	2428099.7500
643.0000	2428314.7500
644.0000	2430419.7500
645.0000	2430209.7500
646.0000	2424694.7500
647.0000	2423109.7500
648.0000	2425609.7500
649.0000	2426669.7500
650.0000	2425289.7500
651.0000	2425284.7500
652.0000	2429014.7500
653.0000	2427114.7500
654.0000	2429619.7500
655.0000	2428784.7500
656.0000	2428959.7500
657.0000	2425939.7500
658.0000	2429734.7500
659.0000	2426929.7500
660.0000	2422584.7500
661.0000	2429209.7500
662.0000	2429569.7500
663.0000	2429009.7500
664.0000	2429879.7500
665.0000	2426909.7500
666.0000	2428544.7500
667.0000	2429304.7500
668.0000	2431969.7500
669.0000	2435444.7500
670.0000	2433534.7500
671.0000	2436364.7500
672.0000	2431829.7500
673.0000	2438319.7500
674.0000	2433804.7500
675.0000	2432459.7500
676.0000	2433309.7500
677.0000	2439074.7500
678.0000	2440699.7500
679.0000	2439789.7500
680.0000	2438609.7500
681.0000	2433784.7500
682.0000	2433279.7500
683.0000	2431084.7500
684.0000	2431469.7500
685.0000	2433069.7500
686.0000	2436069.7500
687.0000	2433619.7500
688.0000	2436354.7500
689.0000	2436834.7500
690.0000	2436609.7500
691.0000	2435474.7500
692.0000	2437684.7500
693.0000	2437304.7500
694.0000	2435004.7500
695.0000	2441484.7500
696.0000	2442744.7500
697.0000	2439859.7500
698.0000	2442274.7500
699.0000	2444599.7500
700.0000	2448044.7500
701.0000	2444789.7500
702.0000	2438934.7500
703.0000	2436909.7500
704.0000	2441599.7500
705.0000	2446129.7500
706.0000	2444809.7500
707.0000	2444379.7500
708.0000	2448039.7500
709.0000	2445804.7500
710.0000	2449719.7500
711.0000	2444504.7500
712.0000	2446879.7500
713.0000	2443879.7500
714.0000	2445614.7500
715.0000	2444914.7500
716.0000	2446689.7500
717.0000	2449314.7500
718.0000	2448869.7500
719.0000	2449679.7500
720.0000	2453714.7500
721.0000	2454524.7500
722.0000	2454794.7500
723.0000	2452749.7500
724.0000	2451784.7500
725.0000	2458579.7500
726.0000	2453394.7500
727.0000	2457089.7500
728.0000	2458144.7500
729.0000	2455459.7500
730.0000	2455514.7500
731.0000	2454964.7500
732.0000	2451199.7500
733.0000	2452814.7500
734.0000	2457079.7500
735.0000	2453629.7500
736.0000	2449694.7500
737.0000	2453629.7500
738.0000	2450044.7500
739.0000	2451184.7500
740.0000	2458209.7500
741.0000	2458869.7500
742.0000	2457779.7500
743.0000	2457549.7500
744.0000	2459794.7500
745.0000	2459259.7500
746.0000	2457199.7500
747.0000	2465194.7500
748.0000	2462464.7500
749.0000	2465014.7500
750.0000	2463204.7500
751.0000	2463599.7500
752.0000	2459674.7500
753.0000	2460214.7500
754.0000	2458029.7500
755.0000	2463799.7500
756.0000	2463704.7500
757.0000	2461044.7500
758.0000	2462224.7500
759.0000	2459054.7500
760.0000	2468984.7500
761.0000	2465844.7500
762.0000	2463439.7500
763.0000	2463929.7500
764.0000	2466024.7500
765.0000	2462449.7500
766.0000	2465519.7500
767.0000	2462089.7500
768.0000	2466704.7500
769.0000	2463044.7500
770.0000	2462219.7500
771.0000	2463594.7500
772.0000	2464759.7500
773.0000	2464809.7500
774.0000	2462919.7500
775.0000	2464074.7500
776.0000	2461074.7500
777.0000	2459909.7500
778.0000	2461349.7500
779.0000	2462954.7500
780.0000	2463649.7500
781.0000	2468194.7500
782.0000	2464199.7500
783.0000	2466244.7500
784.0000	2463744.7500
785.0000	2464154.7500
786.0000	2458699.7500
787.0000	2465584.7500
788.0000	2470194.7500
789.0000	2463594.7500
790.0000	2465654.7500
791.0000	2467304.7500
792.0000	2470264.7500
793.0000	2470319.7500
794.0000	2472234.7500
795.0000	2474839.7500
796.0000	2472664.7500
797.0000	2473119.7500
798.0000	2472809.7500
799.0000	2474409.7500
800.0000	2469624.7500
801.0000	2474104.7500
802.0000	2474329.7500
803.0000	2472999.7500
804.0000	2469174.7500
805.0000	2468444.7500
806.0000	2474144.7500
807.0000	2471909.7500
808.0000	2469564.7500
809.0000	2468359.7500
810.0000	2468894.7500
811.0000	2471519.7500
812.0000	2476849.7500
813.0000	2478014.7500
814.0000	2476969.7500
815.0000	2478559.7500
816.0000	2476159.7500
817.0000	2478259.7500
818.0000	2475739.7500
819.0000	2478719.7500
820.0000	2483719.7500
821.0000	2480744.7500
822.0000	2483974.7500
823.0000	2484114.7500
824.0000	2484594.7500
825.0000	2485034.7500
826.0000	2486739.7500
827.0000	2484799.7500
828.0000	2488179.7500
829.0000	2483614.7500
830.0000	2482459.7500
831.0000	2486209.7500
832.0000	2487274.7500
833.0000	2488694.7500
834.0000	2491229.7500
835.0000	2489879.7500
836.0000	2486009.7500
837.0000	2495319.7500
838.0000	2496759.7500
839.0000	2492384.7500
840.0000	2495594.7500
841.0000	2494189.7500
842.0000	2496644.7500
843.0000	2498404.7500
844.0000	2495689.7500
845.0000	2493314.7500
846.0000	2492319.7500
847.0000	2498919.7500
848.0000	2490524.7500
849.0000	2491084.7500
850.0000	2491079.7500
851.0000	2492494.7500
852.0000	2490379.7500
853.0000	2487454.7500
854.0000	2489429.7500
855.0000	2490829.7500
856.0000	2489019.7500
857.0000	2489384.7500
858.0000	2489614.7500
859.0000	2493874.7500
860.0000	2493689.7500
861.0000	2492494.7500
862.0000	2492634.7500
863.0000	2494059.7500
864.0000	2498894.7500
865.0000	2493674.7500
866.0000	2491629.7500
867.0000	2490334.7500
868.0000	2491139.7500
869.0000	2494279.7500
870.0000	2494974.7500
871.0000	2498324.7500
872.0000	2501724.7500
873.0000	2495164.7500
874.0000	2500219.7500
875.0000	2496759.7500
876.0000	2500804.7500
877.0000	2493219.7500
878.0000	2501049.7500
879.0000	2500374.7500
880.0000	2501634.7500
881.0000	2501729.7500
882.0000	2501214.7500
883.0000	2505314.7500
884.0000	2509024.7500
885.0000	2502599.7500
886.0000	2508669.7500
887.0000	2501229.7500
888.0000	2504834.7500
889.0000	2502969.7500
890.0000	2504894.7500
891.0000	2505119.7500
892.0000	2503084.7500
893.0000	2510664.7500
894.0000	2509654.7500
895.0000	2512549.7500
896.0000	2516374.7500
897.0000	2512764.7500
898.0000	2515109.7500
899.0000	2516684.7500
900.0000	2517354.7500
901.0000	2521799.7500
902.0000	2521994.7500
903.0000	2519669.7500
904.0000	2520474.7500
905.0000	2520974.7500
906.0000	2527894.7500
907.0000	2524014.7500
908.0000	2524564.7500
909.0000	2526699.7500
910.0000	2536964.7500
911.0000	2535819.7500
912.0000	2531699.7500
913.0000	2536714.7500
914.0000	2540024.7500
915.0000	2536329.7500
916.0000	2539984.7500
917.0000	2534929.7500
918.0000	2537069.7500
919.0000	2530244.7500
920.0000	2528714.7500
921.0000	2525219.7500
922.0000	2528124.7500
923.0000	2524794.7500
924.0000	2521594.7500
925.0000	2522169.7500
926.0000	2523284.7500
927.0000	2525074.7500
928.0000	2526464.7500
929.0000	2526764.7500
930.0000	2526224.7500
931.0000	2525269.7500
932.0000	2527764.7500
933.0000	2528324.7500
934.0000	2524504.7500
935.0000	2527129.7500
936.0000	2528399.7500
937.0000	2527419.7500
938.0000	2521869.7500
939.0000	2528454.7500
940.0000	2526299.7500
941.0000	2525944.7500
942.0000	2530704.7500
943.0000	2531114.7500
944.0000	2536954.7500
945.0000	2528954.7500
946.0000	2533624.7500
947.0000	2529914.7500
948.0000	2533139.7500
949.0000	2535269.7500
950.0000	2528694.7500
951.0000	2529359.7500
952.0000	2532479.7500
953.0000	2534954.7500
954.0000	2534949.7500
955.0000	2532369.7500
956.0000	2538914.7500
957.0000	2535729.7500
958.0000	2534984.7500
959.0000	2535089.7500
960.0000	2536254.7500
961.0000	2538079.7500
962.0000	2534649.7500
963.0000	2539704.7500
964.0000	2540189.7500
965.0000	2544304.7500
966.0000	2544219.7500
967.0000	2541139.7500
968.0000	2541324.7500
969.0000	2543089.7500
970.0000	2545924.7500
971.0000	2549199.7500
972.0000	2546789.7500
973.0000	2545444.7500
974.0000	2547159.7500
975.0000	2546339.7500
976.0000	2551499.7500
977.0000	2552504.7500
978.0000	2549769.7500
979.0000	2551539.7500
980.0000	2551564.7500
981.0000	2549649.7500
982.0000	2552164.7500
983.0000	2550394.7500
984.0000	2555039.7500
985.0000	2556924.7500
986.0000	2555614.7500
987.0000	2553534.7500
988.0000	2558509.7500
989.0000	2561039.7500
990.0000	2557509.7500
991.0000	2560644.7500
992.0000	2561384.7500
993.0000	2560604.7500
994.0000	2559284.7500
995.0000	2562174.7500
996.0000	2568014.7500
997.0000	2565959.7500
998.0000	2564869.7500
999.0000	2562284.7500
1000.0000	2565289.7500
1001.0000	2564469.7500
1002.0000	2563899.7500
1003.0000	2568814.7500
1004.0000	2561859.7500
1005.0000	2563874.7500
1006.0000	2568909.7500
1007.0000	2573164.7500
1008.0000	2571429.7500
1009.0000	2568879.7500
1010.0000	2571954.7500
1011.0000	2570924.7500
1012.0000	2574384.7500
1013.0000	2572839.7500
1014.0000	2573374.7500
1015.0000	2570949.7500
1016.0000	2575839.7500
1017.0000	2576519.7500
1018.0000	2576504.7500
1019.0000	2577844.7500
1020.0000	2583819.7500
1021.0000	2580519.7500
1022.0000	2582264.7500
1023.0000	2586009.7500
1024.0000	2581134.7500
1025.0000	2580369.7500
1026.0000	2581769.7500
1027.0000	2579794.7500
1028.0000	2579774.7500
1029.0000	2581624.7500
1030.0000	2581719.7500
1031.0000	2583154.7500
1032.0000	2584994.7500
1033.0000	2588819.7500
1034.0000	2586794.7500
1035.0000	2585144.7500
1036.0000	2590514.7500
1037.0000	2589899.7500
1038.0000	2587574.7500
1039.0000	2588209.7500
1040.0000	2590374.7500
1041.0000	2591949.7500
1042.0000	2597034.7500
1043.0000	2593269.7500
1044.0000	2595819.7500
1045.0000	2594889.7500
1046.0000	2594239.7500
1047.0000	2598774.7500
1048.0000	2590064.7500
1049.0000	2596474.7500
1050.0000	2598334.7500
1051.0000	2597239.7500
1052.0000	2599924.7500
1053.0000	2603064.7500
1054.0000	2603169.7500
1055.0000	2606354.7500
1056.0000	2604189.7500
1057.0000	2608564.7500
1058.0000	2607299.7500
1059.0000	2604704.7500
1060.0000	2607104.7500
1061.0000	2612589.7500
1062.0000	2613664.7500
1063.0000	2611089.7500
1064.0000	2613194.7500
1065.0000	2614819.7500
1066.0000	2610334.7500
1067.0000	2614199.7500
1068.0000	2610074.7500
1069.0000	2618644.7500
1070.0000	2620019.7500
1071.0000	2618184.7500
1072.0000	2617394.7500
1073.0000	2620269.7500
1074.0000	2624084.7500
1075.0000	2627739.7500
1076.0000	2622724.7500
1077.0000	2623314.7500
1078.0000	2623989.7500
1079.0000	2622144.7500
1080.0000	2627514.7500
1081.0000	2623564.7500
1082.0000	2625099.7500
1083.0000	2627654.7500
1084.0000	2626794.7500
1085.0000	2629334.7500
1086.0000	2626359.7500
1087.0000	2627134.7500
1088.0000	2628639.7500
1089.0000	2632564.7500
1090.0000	2631879.7500
1091.0000	2624694.7500
1092.0000	2631174.7500
1093.0000	2631134.7500
1094.0000	2625794.7500
1095.0000	2632034.7500
1096.0000	2634809.7500
1097.0000	2624489.7500
1098.0000	2633099.7500
1099.0000	2632119.7500
1100.0000	2627609.7500
1101.0000	2628744.7500
1102.0000	2636544.7500
1103.0000	2635534.7500
1104.0000	2633049.7500
1105.0000	2633409.7500
1106.0000	2631824.7500
1107.0000	2640299.7500
1108.0000	2639854.7500
1109.0000	2637974.7500
1110.0000	2633549.7500
1111.0000	2639279.7500
1112.0000	2639679.7500
1113.0000	2639944.7500
1114.0000	2641114.7500
1115.0000	2637464.7500
1116.0000	2639534.7500
1117.0000	2646089.7500
1118.0000	2644459.7500
1119.0000	2646664.7500
1120.0000	2650549.7500
1121.0000	2650859.7500
1122.0000	2646819.7500
1123.0000	2648644.7500
1124.0000	2652339.7500
1125.0000	2650939.7500
1126.0000	2646439.7500
1127.0000	2651049.7500
1128.0000	2653399.7500
1129.0000	2656309.7500
1130.0000	2654994.7500
1131.0000	2652914.7500
1132.0000	2657194.7500
1133.0000	2649739.7500
1134.0000	2650929.7500
1135.0000	2661679.7500
1136.0000	2663559.7500
1137.0000	2656124.7500
1138.0000	2662574.7500
1139.0000	2658939.7500
1140.0000	2656629.7500
1141.0000	2659084.7500
1142.0000	2663574.7500
1143.0000	2665389.7500
1144.0000	2664274.7500
1145.0000	2667944.7500
1146.0000	2668409.7500
1147.0000	2667744.7500
1148.0000	2671214.7500
1149.0000	2675519.7500
1150.0000	2673909.7500
1151.0000	2675414.7500
1152.0000	2677159.7500
1153.0000	2673909.7500
1154.0000	2674339.7500
1155.0000	2680649.7500
1156.0000	2676889.7500
1157.0000	2675789.7500
1158.0000	2676309.7500
1159.0000	2682674.7500
1160.0000	2676594.7500
1161.0000	2679479.7500
1162.0000	2683074.7500
1163.0000	2678439.7500
1164.0000	2683409.7500
1165.0000	2682649.7500
1166.0000	2683324.7500
1167.0000	2681999.7500
1168.0000	2686729.7500
1169.0000	2687429.7500
1170.0000	2687974.7500
1171.0000	2685744.7500
1172.0000	2691974.7500
1173.0000	2691254.7500
1174.0000	2687469.7500
1175.0000	2697764.7500
1176.0000	2694744.7500
1177.0000	2693899.7500
1178.0000	2695984.7500
1179.0000	2696019.7500
1180.0000	2693604.7500
1181.0000	2692674.7500
1182.0000	2695544.7500
1183.0000	2698404.7500
1184.0000	2703189.7500
1185.0000	2697334.7500
1186.0000	2696414.7500
1187.0000	2701269.7500
1188.0000	2706194.7500
1189.0000	2701939.7500
1190.0000	2701199.7500
1191.0000	2706819.7500
1192.0000	2706379.7500
1193.0000	2706754.7500
1194.0000	2705924.7500
1195.0000	2709829.7500
1196.0000	2709604.7500
1197.0000	2713434.7500
1198.0000	2712359.7500
1199.0000	2711704.7500
1200.0000	2711969.7500
1201.0000	2711884.7500
1202.0000	2716249.7500
1203.0000	2716594.7500
1204.0000	2720109.7500
1205.0000	2718684.7500
1206.0000	2724934.7500
1207.0000	2728879.7500
1208.0000	2725154.7500
1209.0000	2718759.7500
1210.0000	2714934.7500
1211.0000	2718719.7500
1212.0000	2720744.7500
1213.0000	2724854.7500
1214.0000	2723734.7500
1215.0000	2716659.7500
1216.0000	2726769.7500
1217.0000	2721349.7500
1218.0000	2723499.7500
1219.0000	2724599.7500
1220.0000	2724829.7500
1221.0000	2723684.7500
1222.0000	2729754.7500
1223.0000	2724859.7500
1224.0000	2721734.7500
1225.0000	2725454.7500
1226.0000	2724064.7500
1227.0000	2727099.7500
1228.0000	2727934.7500
1229.0000	2727399.7500
1230.0000	2729344.7500
1231.0000	2729114.7500
1232.0000	2728084.7500
1233.0000	2732799.7500
1234.0000	2731629.7500
1235.0000	2730809.7500
1236.0000	2736799.7500
1237.0000	2738309.7500
1238.0000	2741944.7500
1239.0000	2743279.7500
1240.0000	2739604.7500
1241.0000	2741929.7500
1242.0000	2742809.7500
1243.0000	2751484.7500
1244.0000	2749089.7500
1245.0000	2749974.7500
1246.0000	2745494.7500
1247.0000	2754084.7500
1248.0000	2754229.7500
1249.0000	2752559.7500
1250.0000	2754314.7500
1251.0000	2752524.7500
1252.0000	2753754.7500
1253.0000	2756379.7500
1254.0000	2754684.7500
1255.0000	2757569.7500
1256.0000	2761174.7500
1257.0000	2765864.7500
1258.0000	2762399.7500
1259.0000	2760359.7500
1260.0000	2762989.7500
1261.0000	2762964.7500
1262.0000	2760039.7500
1263.0000	2768474.7500
1264.0000	2769904.7500
1265.0000	2768839.7500
1266.0000	2769279.7500
1267.0000	2771674.7500
1268.0000	2777894.7500
1269.0000	2776329.7500
1270.0000	2773414.7500
1271.0000	2776069.7500
1272.0000	2783674.7500
1273.0000	2782399.7500
1274.0000	2780514.7500
1275.0000	2780284.7500
1276.0000	2781374.7500
1277.0000	2788069.7500
1278.0000	2788034.7500
1279.0000	2784594.7500
1280.0000	2786544.7500
1281.0000	2791504.7500
1282.0000	2791634.7500
1283.0000	2788074.7500
1284.0000	2793609.7500
1285.0000	2796379.7500
1286.0000	2790079.7500
1287.0000	2789114.7500
1288.0000	2793794.7500
1289.0000	2791064.7500
1290.0000	2797354.7500
1291.0000	2798484.7500
1292.0000	2801389.7500
1293.0000	2794439.7500
1294.0000	2797029.7500
1295.0000	2804294.7500
1296.0000	2800929.7500
1297.0000	2803539.7500
1298.0000	2803499.7500
1299.0000	2803684.7500
1300.0000	2801874.7500
1301.0000	2810764.7500
1302.0000	2806819.7500
1303.0000	2805289.7500
1304.0000	2803469.7500
1305.0000	2811014.7500
1306.0000	2805449.7500
1307.0000	2808824.7500
1308.0000	2805729.7500
1309.0000	2804389.7500
1310.0000	2804924.7500
1311.0000	2806924.7500
1312.0000	2809544.7500
1313.0000	2808629.7500
1314.0000	2810099.7500
1315.0000	2815849.7500
1316.0000	2811874.7500
1317.0000	2814944.7500
1318.0000	2807509.7500
1319.0000	2812159.7500
1320.0000	2813614.7500
1321.0000	2812304.7500
1322.0000	2812199.7500
1323.0000	2816159.7500
1324.0000	2821979.7500
1325.0000	2815324.7500
1326.0000	2818819.7500
1327.0000	2820689.7500
1328.0000	2819699.7500
1329.0000	2818664.7500
1330.0000	2820289.7500
1331.0000	2822434.7500
1332.0000	2824309.7500
1333.0000	2830554.7500
1334.0000	2829554.7500
1335.0000	2834399.7500
1336.0000	2831469.7500
1337.0000	2827694.7500
1338.0000	2831259.7500
1339.0000	2832889.7500
1340.0000	2835104.7500
1341.0000	2830859.7500
1342.0000	2833934.7500
1343.0000	2838534.7500
1344.0000	2838154.7500
1345.0000	2838354.7500
1346.0000	2837379.7500
1347.0000	2837089.7500
1348.0000	2837179.7500
1349.0000	2836144.7500
1350.0000	2839594.7500
1351.0000	2837354.7500
1352.0000	2841729.7500
1353.0000	2841754.7500
1354.0000	2844964.7500
1355.0000	2841054.7500
1356.0000	2845179.7500
1357.0000	2849044.7500
1358.0000	2844554.7500
1359.0000	2845949.7500
1360.0000	2845844.7500
1361.0000	2850889.7500
1362.0000	2847809.7500
1363.0000	2859089.7500
1364.0000	2857874.7500
1365.0000	2856994.7500
1366.0000	2859879.7500
1367.0000	2853109.7500
1368.0000	2858269.7500
1369.0000	2857964.7500
1370.0000	2862434.7500
1371.0000	2864764.7500
1372.0000	2860744.7500
1373.0000	2858159.7500
1374.0000	2869134.7500
1375.0000	2867629.7500
1376.0000	2863289.7500
1377.0000	2866754.7500
1378.0000	2863159.7500
1379.0000	2863759.7500
1380.0000	2864034.7500
1381.0000	2866919.7500
1382.0000	2864969.7500
1383.0000	2870549.7500
1384.0000	2872324.7500
1385.0000	2870084.7500
1386.0000	2872114.7500
1387.0000	2866879.7500
1388.0000	2871914.7500
1389.0000	2871019.7500
1390.0000	2874294.7500
1391.0000	2872039.7500
1392.0000	2873639.7500
1393.0000	2877534.7500
1394.0000	2880389.7500
1395.0000	2881309.7500
1396.0000	2879314.7500
1397.0000	2877669.7500
1398.0000	2884299.7500
1399.0000	2889344.7500
1400.0000	2883679.7500
1401.0000	2885989.7500
1402.0000	2888069.7500
1403.0000	2891029.7500
1404.0000	2892949.7500
1405.0000	2891469.7500
1406.0000	2889359.7500
1407.0000	2896584.7500
1408.0000	2895519.7500
1409.0000	2896054.7500
1410.0000	2896769.7500
1411.0000	2894934.7500
1412.0000	2897829.7500
1413.0000	2901689.7500
1414.0000	2902534.7500
1415.0000	2901629.7500
1416.0000	2907174.7500
1417.0000	2912464.7500
1418.0000	2908474.7500
1419.0000	2909944.7500
1420.0000	2916259.7500
1421.0000	2914134.7500
1422.0000	2915414.7500
1423.0000	2915274.7500
1424.0000	2914939.7500
1425.0000	2915574.7500
1426.0000	2922769.7500
1427.0000	2920199.7500
1428.0000	2921889.7500
1429.0000	2926094.7500
1430.0000	2924624.7500
1431.0000	2923909.7500
1432.0000	2918669.7500
1433.0000	2921404.7500
1434.0000	2924484.7500
1435.0000	2922499.7500
1436.0000	2929969.7500
1437.0000	2933069.7500
1438.0000	2934009.7500
1439.0000	2928449.7500
1440.0000	2940064.7500
1441.0000	2943409.7500
1442.0000	2939644.7500
1443.0000	2941229.7500
1444.0000	2938564.7500
1445.0000	2944049.7500
1446.0000	2946074.7500
1447.0000	2947454.7500
1448.0000	2949454.7500
1449.0000	2945804.7500
1450.0000	2946334.7500
1451.0000	2950519.7500
1452.0000	2956934.7500
1453.0000	2957014.7500
1454.0000	2959784.7500
1455.0000	2952929.7500
1456.0000	2960754.7500
1457.0000	2960129.7500
1458.0000	2966239.7500
1459.0000	2964289.7500
1460.0000	2966604.7500
1461.0000	2965674.7500
1462.0000	2969144.7500
1463.0000	2971414.7500
1464.0000	2971024.7500
1465.0000	2973904.7500
1466.0000	2973614.7500
1467.0000	2970404.7500
1468.0000	2977484.7500
1469.0000	2977629.7500
1470.0000	2981659.7500
1471.0000	2975049.7500
1472.0000	2977469.7500
1473.0000	2981624.7500
1474.0000	2977469.7500
1475.0000	2985109.7500
1476.0000	2989129.7500
1477.0000	2988999.7500
1478.0000	2988039.7500
1479.0000	2995159.7500
1480.0000	2994819.7500
1481.0000	3001534.7500
1482.0000	3000764.7500
1483.0000	3005214.7500
1484.0000	2999694.7500
1485.0000	3007414.7500
1486.0000	3011074.7500
1487.0000	3013904.7500
1488.0000	3019354.7500
1489.0000	3015054.7500
1490.0000	3017084.7500
1491.0000	3018949.7500
1492.0000	3017164.7500
1493.0000	3022654.7500
1494.0000	3024919.7500
1495.0000	3025709.7500
1496.0000	3022684.7500
1497.0000	3026394.7500
1498.0000	3028114.7500
1499.0000	3030699.7500
1500.0000	3024614.7500
1501.0000	3023069.7500
1502.0000	3020699.7500
1503.0000	3027829.7500
1504.0000	3016544.7500
1505.0000	3016674.7500
1506.0000	3019989.7500
1507.0000	3018219.7500
1508.0000	3019499.7500
1509.0000	3016289.7500
1510.0000	3013699.7500
1511.0000	3018329.7500
1512.0000	3021059.7500
1513.0000	3017104.7500
1514.0000	3020449.7500
1515.0000	3022304.7500
1516.0000	3015504.7500
1517.0000	3016224.7500
1518.0000	3011329.7500
1519.0000	3007584.7500
1520.0000	3006164.7500
1521.0000	2997849.7500
1522.0000	2996889.7500
1523.0000	2991354.7500
1524.0000	2994474.7500
1525.0000	2996289.7500
1526.0000	2996909.7500
1527.0000	2988024.7500
1528.0000	2991714.7500
1529.0000	2998759.7500
1530.0000	2995949.7500
1531.0000	2991579.7500
1532.0000	2996659.7500
1533.0000	3000309.7500
1534.0000	2998184.7500
1535.0000	2998374.7500
1536.0000	2998494.7500
1537.0000	2999004.7500
1538.0000	3000734.7500
1539.0000	2996179.7500
1540.0000	3000764.7500
1541.0000	3005794.7500
1542.0000	3010389.7500
1543.0000	3007874.7500
1544.0000	3007094.7500
1545.0000	3005924.7500
1546.0000	3011594.7500
1547.0000	3007719.7500
1548.0000	3007149.7500
1549.0000	3014889.7500
1550.0000	3007479.7500
1551.0000	3013949.7500
1552.0000	3014554.7500
1553.0000	3018404.7500
1554.0000	3020209.7500
1555.0000	3009929.7500
1556.0000	3012729.7500
1557.0000	3017184.7500
1558.0000	3018124.7500
1559.0000	3015919.7500
1560.0000	3023084.7500
1561.0000	3019644.7500
1562.0000	3019164.7500
1563.0000	3020824.7500
1564.0000	3026554.7500
1565.0000	3026534.7500
1566.0000	3026239.7500
1567.0000	3026239.7500
1568.0000	3021944.7500
1569.0000	3028554.7500
1570.0000	3036664.7500
1571.0000	3024909.7500
1572.0000	3026494.7500
1573.0000	3034409.7500
1574.0000	3029014.7500
1575.0000	3029054.7500
1576.0000	3030159.7500
1577.0000	3033754.7500
1578.0000	3032459.7500
1579.0000	3042619.7500
1580.0000	3035839.7500
1581.0000	3038149.7500
1582.0000	3035879.7500
1583.0000	3030759.7500
1584.0000	3031694.7500
1585.0000	3038719.7500
1586.0000	3034394.7500
1587.0000	3029539.7500
1588.0000	3032339.7500
1589.0000	3031744.7500
1590.0000	3032639.7500
1591.0000	3021849.7500
1592.0000	3024114.7500
1593.0000	3024019.7500
1594.0000	3021384.7500
1595.0000	3025069.7500
1596.0000	3021394.7500
1597.0000	3016664.7500
1598.0000	3019479.7500
1599.0000	3025054.7500
1600.0000	3026929.7500
1601.0000	3028189.7500
1602.0000	3032109.7500
1603.0000	3030554.7500
1604.0000	3024189.7500
1605.0000	3025979.7500
1606.0000	3028089.7500
1607.0000	3029604.7500
1608.0000	3035944.7500
1609.0000	3037604.7500
1610.0000	3033559.7500
1611.0000	3039269.7500
1612.0000	3031509.7500
1613.0000	3038114.7500
1614.0000	3036249.7500
1615.0000	3038489.7500
1616.0000	3035364.7500
1617.0000	3043479.7500
1618.0000	3041864.7500
1619.0000	3044549.7500
1620.0000	3046469.7500
1621.0000	3042149.7500
1622.0000	3053184.7500
1623.0000	3052049.7500
1624.0000	3047179.7500
1625.0000	3050314.7500
1626.0000	3058369.7500
1627.0000	3055419.7500
1628.0000	3052569.7500
1629.0000	3054839.7500
1630.0000	3055234.7500
1631.0000	3053274.7500
1632.0000	3060959.7500
1633.0000	3073319.7500
1634.0000	3064414.7500
1635.0000	3066279.7500
1636.0000	3069719.7500
1637.0000	3074019.7500
1638.0000	3075419.7500
1639.0000	3078309.7500
1640.0000	3077554.7500
1641.0000	3077154.7500
1642.0000	3080154.7500
1643.0000	3073589.7500
1644.0000	3080634.7500
1645.0000	3085109.7500
1646.0000	3085834.7500
1647.0000	3077624.7500
1648.0000	3080599.7500
1649.0000	3087979.7500
1650.0000	3084024.7500
1651.0000	3096334.7500
1652.0000	3084449.7500
1653.0000	3087579.7500
1654.0000	3096679.7500
1655.0000	3095054.7500
1656.0000	3097814.7500
1657.0000	3095719.7500
1658.0000	3092904.7500
1659.0000	3090539.7500
1660.0000	3099659.7500
1661.0000	3099484.7500
1662.0000	3103409.7500
1663.0000	3103179.7500
1664.0000	3110069.7500
1665.0000	3112004.7500
1666.0000	3107469.7500
1667.0000	3107784.7500
1668.0000	3107944.7500
1669.0000	3115149.7500
1670.0000	3117579.7500
1671.0000	3119444.7500
1672.0000	3119914.7500
1673.0000	3122099.7500
1674.0000	3120779.7500
1675.0000	3117974.7500
1676.0000	3125544.7500
1677.0000	3123349.7500
1678.0000	3126784.7500
1679.0000	3128564.7500
1680.0000	3128499.7500
1681.0000	3130534.7500
1682.0000	3130524.7500
1683.0000	3140069.7500
1684.0000	3132224.7500
1685.0000	3137719.7500
1686.0000	3138709.7500
1687.0000	3142899.7500
1688.0000	3140284.7500
1689.0000	3144319.7500
1690.0000	3142969.7500
1691.0000	3148329.7500
1692.0000	3147969.7500
1693.0000	3149379.7500
1694.0000	3154484.7500
1695.0000	3153174.7500
1696.0000	3156284.7500
1697.0000	3161074.7500
1698.0000	3158684.7500
1699.0000	3162724.7500
1700.0000	3163594.7500
1701.0000	3162484.7500
1702.0000	3171079.7500
1703.0000	3170409.7500
1704.0000	3174369.7500
1705.0000	3170729.7500
1706.0000	3173824.7500
1707.0000	3178244.7500
1708.0000	3178974.7500
1709.0000	3179154.7500
1710.0000	3183629.7500
1711.0000	3186044.7500
1712.0000	3190609.7500
1713.0000	3191109.7500
1714.0000	3187949.7500
1715.0000	3190264.7500
1716.0000	3195359.7500
1717.0000	3202309.7500
1718.0000	3206799.7500
1719.0000	3204744.7500
1720.0000	3207384.7500
1721.0000	3212789.7500
1722.0000	3217719.7500
1723.0000	3220259.7500
1724.0000	3220914.7500
1725.0000	3221299.7500
1726.0000	3217759.7500
1727.0000	3228014.7500
1728.0000	3229369.7500
1729.0000	3232214.7500
1730.0000	3239614.7500
1731.0000	3236914.7500
1732.0000	3248024.7500
1733.0000	3245309.7500
1734.0000	3245289.7500
1735.0000	3247834.7500
1736.0000	3246724.7500
1737.0000	3257599.7500
1738.0000	3258854.7500
1739.0000	3264499.7500
1740.0000	3262919.7500
1741.0000	3262864.7500
1742.0000	3259164.7500
1743.0000	3264964.7500
1744.0000	3266404.7500
1745.0000	3265204.7500
1746.0000	3260789.7500
1747.0000	3254679.7500
1748.0000	3262664.7500
1749.0000	3258504.7500
1750.0000	3256169.7500
1751.0000	3257139.7500
1752.0000	3260109.7500
1753.0000	3260954.7500
1754.0000	3267209.7500
1755.0000	3266059.7500
1756.0000	3258829.7500
1757.0000	3259319.7500
1758.0000	3265329.7500
1759.0000	3270564.7500
1760.0000	3267019.7500
1761.0000	3269759.7500
1762.0000	3265834.7500
1763.0000	3259289.7500
1764.0000	3261554.7500
1765.0000	3252484.7500
1766.0000	3249274.7500
1767.0000	3239329.7500
1768.0000	3234119.7500
1769.0000	3228374.7500
1770.0000	3225929.7500
1771.0000	3214524.7500
1772.0000	3209474.7500
1773.0000	3211729.7500
1774.0000	3203084.7500
1775.0000	3200114.7500
1776.0000	3198134.7500
1777.0000	3198964.7500
1778.0000	3205169.7500
1779.0000	3201449.7500
1780.0000	3198844.7500
1781.0000	3196884.7500
1782.0000	3198924.7500
1783.0000	3195884.7500
1784.0000	3196704.7500
1785.0000	3203759.7500
1786.0000	3200779.7500
1787.0000	3205289.7500
1788.0000	3200514.7500
1789.0000	3200529.7500
1790.0000	3200064.7500
1791.0000	3202444.7500
1792.0000	3208059.7500
1793.0000	3206234.7500
1794.0000	3206964.7500
1795.0000	3217049.7500
1796.0000	3209789.7500
1797.0000	3209279.7500
1798.0000	3215029.7500
1799.0000	3214939.7500
1800.0000	3219214.7500
1801.0000	3220484.7500
1802.0000	3222289.7500
1803.0000	3220684.7500
1804.0000	3220709.7500
1805.0000	3222734.7500
1806.0000	3222749.7500
1807.0000	3225249.7500
1808.0000	3226979.7500
1809.0000	3226459.7500
1810.0000	3228534.7500
1811.0000	3229194.7500
1812.0000	3225999.7500
1813.0000	3228059.7500
1814.0000	3237734.7500
1815.0000	3242864.7500
1816.0000	3238064.7500
1817.0000	3248209.7500
1818.0000	3244314.7500
1819.0000	3251819.7500
1820.0000	3257949.7500
1821.0000	3260334.7500
1822.0000	3262149.7500
1823.0000	3264654.7500
1824.0000	3266354.7500
1825.0000	3264174.7500
1826.0000	3262059.7500
1827.0000	3262044.7500
1828.0000	3262444.7500
1829.0000	3259799.7500
1830.0000	3249219.7500
1831.0000	3258034.7500
1832.0000	3254379.7500
1833.0000	3250494.7500
1834.0000	3251534.7500
1835.0000	3247174.7500
1836.0000	3239559.7500
1837.0000	3239624.7500
1838.0000	3241949.7500
1839.0000	3238254.7500
1840.0000	3231004.7500
1841.0000	3228484.7500
1842.0000	3231979.7500
1843.0000	3237489.7500
1844.0000	3228614.7500
1845.0000	3225499.7500
1846.0000	3223729.7500
1847.0000	3219994.7500
1848.0000	3225704.7500
1849.0000	3230179.7500
1850.0000	3231884.7500
1851.0000	3230504.7500
1852.0000	3229729.7500
1853.0000	3227994.7500
1854.0000	3232389.7500
1855.0000	3227274.7500
1856.0000	3229514.7500
1857.0000	3229314.7500
1858.0000	3226299.7500
1859.0000	3224439.7500
1860.0000	3223129.7500
1861.0000	3228544.7500
1862.0000	3221694.7500
1863.0000	3220564.7500
1864.0000	3223544.7500
1865.0000	3221129.7500
1866.0000	3220274.7500
1867.0000	3218799.7500
1868.0000	3213484.7500
1869.0000	3214994.7500
1870.0000	3222544.7500
1871.0000	3220239.7500
1872.0000	3213639.7500
1873.0000	3213504.7500
1874.0000	3215734.7500
1875.0000	3219874.7500
1876.0000	3218949.7500
1877.0000	3217484.7500
1878.0000	3221559.7500
1879.0000	3224134.7500
1880.0000	3218849.7500
1881.0000	3219054.7500
1882.0000	3224289.7500
1883.0000	3224614.7500
1884.0000	3226134.7500
1885.0000	3222939.7500
1886.0000	3228124.7500
1887.0000	3227854.7500
1888.0000	3229519.7500
1889.0000	3233264.7500
1890.0000	3238144.7500
1891.0000	3236234.7500
1892.0000	3237429.7500
1893.0000	3235344.7500
1894.0000	3239209.7500
1895.0000	3240494.7500
1896.0000	3238039.7500
1897.0000	3237249.7500
1898.0000	3244404.7500
1899.0000	3246909.7500
1900.0000	3243964.7500
1901.0000	3248319.7500
1902.0000	3248579.7500
1903.0000	3247689.7500
1904.0000	3254264.7500
1905.0000	3252904.7500
1906.0000	3250819.7500
1907.0000	3255659.7500
1908.0000	3261114.7500
1909.0000	3263969.7500
1910.0000	3264464.7500
1911.0000	3262884.7500
1912.0000	3265189.7500
1913.0000	3270159.7500
1914.0000	3273664.7500
1915.0000	3275929.7500
1916.0000	3275574.7500
1917.0000	3277094.7500
1918.0000	3282104.7500
1919.0000	3286149.7500
1920.0000	3287454.7500
1921.0000	3286104.7500
1922.0000	3292284.7500
1923.0000	3292714.7500
1924.0000	3292739.7500
1925.0000	3295579.7500
1926.0000	3297154.7500
1927.0000	3305649.7500
1928.0000	3303054.7500
1929.0000	3298929.7500
1930.0000	3294274.7500
1931.0000	3304939.7500
1932.0000	3302759.7500
1933.0000	3297664.7500
1934.0000	3305289.7500
1935.0000	3305709.7500
1936.0000	3305849.7500
1937.0000	3307994.7500
1938.0000	3307949.7500
1939.0000	3313359.7500
1940.0000	3311874.7500
1941.0000	3314019.7500
1942.0000	3311704.7500
1943.0000	3314224.7500
1944.0000	3317954.7500
1945.0000	3312894.7500
1946.0000	3319259.7500
1947.0000	3325889.7500
1948.0000	3322564.7500
1949.0000	3320894.7500
1950.0000	3328639.7500
1951.0000	3331029.7500
1952.0000	3329959.7500
1953.0000	3331349.7500
1954.0000	3331109.7500
1955.0000	3334964.7500
1956.0000	3336319.7500
1957.0000	3335109.7500
1958.0000	3340624.7500
1959.0000	3339939.7500
1960.0000	3345544.7500
1961.0000	3346589.7500
1962.0000	3346524.7500
1963.0000	3350944.7500
1964.0000	3350069.7500
1965.0000	3353369.7500
1966.0000	3358039.7500
1967.0000	3363224.7500
1968.0000	3362709.7500
1969.0000	3367549.7500
1970.0000	3367354.7500
1971.0000	3368179.7500
1972.0000	3375074.7500
1973.0000	3371849.7500
1974.0000	3375609.7500
1975.0000	3376249.7500
1976.0000	3382599.7500
1977.0000	3383144.7500
1978.0000	3387779.7500
1979.0000	3386614.7500
1980.0000	3388289.7500
1981.0000	3392024.7500
1982.0000	3394269.7500
1983.0000	3397199.7500
1984.0000	3407224.7500
1985.0000	3411464.7500
1986.0000	3407944.7500
1987.0000	3408294.7500
1988.0000	3408319.7500
1989.0000	3415534.7500
1990.0000	3420479.7500
1991.0000	3425399.7500
1992.0000	3429204.7500
1993.0000	3431479.7500
1994.0000	3435604.7500
1995.0000	3438169.7500
1996.0000	3443519.7500
1997.0000	3450309.7500
1998.0000	3442844.7500
1999.0000	3451479.7500
2000.0000	3458789.7500
2001.0000	3468029.7500
2002.0000	3469744.7500
2003.0000	3478644.7500
2004.0000	3486624.7500
2005.0000	3492814.7500
2006.0000	3509749.7500
2007.0000	3508524.7500
2008.0000	3514309.7500
2009.0000	3524179.7500
2010.0000	3531729.7500
2011.0000	3536729.7500
2012.0000	3543774.7500
2013.0000	3531949.7500
2014.0000	3533039.7500
2015.0000	3517634.7500
2016.0000	3504369.7500
2017.0000	3492194.7500
2018.0000	3470479.7500
2019.0000	3453349.7500
2020.0000	3436809.7500
2021.0000	3426599.7500
2022.0000	3407164.7500
2023.0000	3385079.7500
2024.0000	3367834.7500
2025.0000	3352129.7500
2026.0000	3342929.7500
2027.0000	3328269.7500
2028.0000	3321599.7500
2029.0000	3315754.7500
2030.0000	3308989.7500
2031.0000	3311934.7500
2032.0000	3307174.7500
2033.0000	3296094.7500
2034.0000	3293744.7500
2035.0000	3294944.7500
2036.0000	3302169.7500
2037.0000	3296154.7500
2038.0000	3300739.7500
2039.0000	3297014.7500
2040.0000	3303524.7500
2041.0000	3297764.7500
2042.0000	3297469.7500
2043.0000	3298724.7500
2044.0000	3295844.7500
2045.0000	3298059.7500
2046.0000	3297339.7500
2047.0000	3296489.7500
2048.0000	3293369.7500
2049.0000	3299634.7500
2050.0000	3298374.7500
2051.0000	3293979.7500
2052.0000	3297064.7500
2053.0000	3302254.7500
2054.0000	3304004.7500
2055.0000	3305324.7500
2056.0000	3307744.7500
2057.0000	3309154.7500
2058.0000	3304924.7500
2059.0000	3306994.7500
2060.0000	3311289.7500
2061.0000	3313094.7500
2062.0000	3312434.7500
2063.0000	3316324.7500
2064.0000	3320379.7500
2065.0000	3317294.7500
2066.0000	3318699.7500
2067.0000	3322464.7500
2068.0000	3317149.7500
2069.0000	3321824.7500
2070.0000	3329429.7500
2071.0000	3334799.7500
2072.0000	3331639.7500
2073.0000	3335334.7500
2074.0000	3332379.7500
2075.0000	3334969.7500
2076.0000	3340944.7500
2077.0000	3345254.7500
2078.0000	3347284.7500
2079.0000	3347924.7500
2080.0000	3349899.7500
2081.0000	3351429.7500
2082.0000	3356834.7500
2083.0000	3355464.7500
2084.0000	3359899.7500
2085.0000	3362749.7500
2086.0000	3372174.7500
2087.0000	3383374.7500
2088.0000	3381684.7500
2089.0000	3386659.7500
2090.0000	3389474.7500
2091.0000	3399769.7500
2092.0000	3406629.7500
2093.0000	3408974.7500
2094.0000	3415674.7500
2095.0000	3424704.7500
2096.0000	3433149.7500
2097.0000	3427389.7500
2098.0000	3427224.7500
2099.0000	3417319.7500
2100.0000	3411424.7500
2101.0000	3404649.7500
2102.0000	3388969.7500
2103.0000	3366704.7500
2104.0000	3351714.7500
2105.0000	3336799.7500
2106.0000	3333359.7500
2107.0000	3319284.7500
2108.0000	3312889.7500
2109.0000	3304979.7500
2110.0000	3300209.7500
2111.0000	3291714.7500
2112.0000	3289359.7500
2113.0000	3283349.7500
2114.0000	3276614.7500
2115.0000	3280314.7500
2116.0000	3275504.7500
2117.0000	3272679.7500
2118.0000	3273069.7500
2119.0000	3273044.7500
2120.0000	3270729.7500
2121.0000	3267769.7500
2122.0000	3263874.7500
2123.0000	3266669.7500
2124.0000	3268219.7500
2125.0000	3269754.7500
2126.0000	3264854.7500
2127.0000	3266564.7500
2128.0000	3271699.7500
2129.0000	3266629.7500
2130.0000	3270904.7500
2131.0000	3273909.7500
2132.0000	3275709.7500
2133.0000	3274519.7500
2134.0000	3268424.7500
2135.0000	3265744.7500
2136.0000	3272039.7500
2137.0000	3271804.7500
2138.0000	3274859.7500
2139.0000	3275554.7500
2140.0000	3275734.7500
2141.0000	3273704.7500
2142.0000	3275169.7500
2143.0000	3279704.7500
2144.0000	3276919.7500
2145.0000	3274644.7500
2146.0000	3278634.7500
2147.0000	3280804.7500
2148.0000	3279989.7500
2149.0000	3285214.7500
2150.0000	3279434.7500
2151.0000	3280344.7500
2152.0000	3285044.7500
2153.0000	3289174.7500
2154.0000	3289534.7500
2155.0000	3293969.7500
2156.0000	3283944.7500
2157.0000	3287069.7500
2158.0000	3291394.7500
2159.0000	3293594.7500
2160.0000	3286509.7500
2161.0000	3296514.7500
2162.0000	3297319.7500
2163.0000	3298134.7500
2164.0000	3299379.7500
2165.0000	3291494.7500
2166.0000	3300549.7500
2167.0000	3298364.7500
2168.0000	3300934.7500
2169.0000	3302024.7500
2170.0000	3300214.7500
2171.0000	3307319.7500
2172.0000	3306069.7500
2173.0000	3308404.7500
2174.0000	3315714.7500
2175.0000	3307894.7500
2176.0000	3308849.7500
2177.0000	3313899.7500
2178.0000	3318814.7500
2179.0000	3317809.7500
2180.0000	3318339.7500
2181.0000	3322089.7500
2182.0000	3322484.7500
2183.0000	3327304.7500
2184.0000	3322884.7500
2185.0000	3322654.7500
2186.0000	3331439.7500
2187.0000	3332779.7500
2188.0000	3335614.7500
2189.0000	3334554.7500
2190.0000	3332669.7500
2191.0000	3333544.7500
2192.0000	3336614.7500
2193.0000	3339489.7500
2194.0000	3334419.7500
2195.0000	3334949.7500
2196.0000	3336724.7500
2197.0000	3337499.7500
2198.0000	3339264.7500
2199.0000	3333219.7500
2200.0000	3335744.7500
2201.0000	3334754.7500
2202.0000	3342079.7500
2203.0000	3339704.7500
2204.0000	3338664.7500
2205.0000	3335634.7500
2206.0000	3336309.7500
2207.0000	3338084.7500
2208.0000	3339709.7500
2209.0000	3341499.7500
2210.0000	3347129.7500
2211.0000	3351754.7500
2212.0000	3343849.7500
2213.0000	3348409.7500
2214.0000	3350674.7500
2215.0000	3350059.7500
2216.0000	3355499.7500
2217.0000	3351824.7500
2218.0000	3352169.7500
2219.0000	3356589.7500
2220.0000	3365054.7500
2221.0000	3355069.7500
2222.0000	3353859.7500
2223.0000	3354049.7500
2224.0000	3354909.7500
2225.0000	3358939.7500
2226.0000	3363954.7500
2227.0000	3365729.7500
2228.0000	3360419.7500
2229.0000	3366199.7500
2230.0000	3365594.7500
2231.0000	3368649.7500
2232.0000	3368174.7500
2233.0000	3373199.7500
2234.0000	3375884.7500
2235.0000	3368794.7500
2236.0000	3373069.7500
2237.0000	3372914.7500
2238.0000	3374119.7500
2239.0000	3382014.7500
2240.0000	3378909.7500
2241.0000	3383499.7500
2242.0000	3377409.7500
2243.0000	3379994.7500
2244.0000	3386949.7500
2245.0000	3380179.7500
2246.0000	3386669.7500
2247.0000	3383529.7500
2248.0000	3386199.7500
2249.0000	3389144.7500
2250.0000	3389624.7500
2251.0000	3390799.7500
2252.0000	3392834.7500
2253.0000	3387649.7500
2254.0000	3392749.7500
2255.0000	3389764.7500
2256.0000	3396129.7500
2257.0000	3401284.7500
2258.0000	3399309.7500
2259.0000	3398509.7500
2260.0000	3401469.7500
2261.0000	3403914.7500
2262.0000	3408479.7500
2263.0000	3403319.7500
2264.0000	3410809.7500
2265.0000	3413839.7500
2266.0000	3409799.7500
2267.0000	3411919.7500
2268.0000	3418259.7500
2269.0000	3416739.7500
2270.0000	3411129.7500
2271.0000	3410829.7500
2272.0000	3420294.7500
2273.0000	3416724.7500
2274.0000	3425489.7500
2275.0000	3418944.7500
2276.0000	3421254.7500
2277.0000	3423434.7500
2278.0000	3425184.7500
2279.0000	3427949.7500
2280.0000	3432449.7500
2281.0000	3430084.7500
2282.0000	3429039.7500
2283.0000	3429039.7500
2284.0000	3433254.7500
2285.0000	3437749.7500
2286.0000	3440569.7500
2287.0000	3437944.7500
2288.0000	3433009.7500
2289.0000	3440194.7500
2290.0000	3441134.7500
2291.0000	3435469.7500
2292.0000	3438379.7500
2293.0000	3444149.7500
2294.0000	3446044.7500
2295.0000	3441634.7500
2296.0000	3440149.7500
2297.0000	3449829.7500
2298.0000	3441699.7500
2299.0000	3446779.7500
2300.0000	3446224.7500
2301.0000	3446544.7500
2302.0000	3444454.7500
2303.0000	3462979.7500
2304.0000	3461124.7500
2305.0000	3456454.7500
2306.0000	3457964.7500
2307.0000	3456129.7500
2308.0000	3456024.7500
2309.0000	3460759.7500
2310.0000	3461079.7500
2311.0000	3462884.7500
2312.0000	3466689.7500
2313.0000	3463199.7500
2314.0000	3463524.7500
2315.0000	3470054.7500
2316.0000	3465879.7500
2317.0000	3467224.7500
2318.0000	3474359.7500
2319.0000	3471374.7500
2320.0000	3469649.7500
2321.0000	3473134.7500
2322.0000	3479669.7500
2323.0000	3471444.7500
2324.0000	3477644.7500
2325.0000	3476584.7500
2326.0000	3480809.7500
2327.0000	3484964.7500
2328.0000	3482079.7500
2329.0000	3483219.7500
2330.0000	3483099.7500
2331.0000	3476879.7500
2332.0000	3491299.7500
2333.0000	3497509.7500
2334.0000	3493249.7500
2335.0000	3494189.7500
2336.0000	3496454.7500
2337.0000	3497769.7500
2338.0000	3495029.7500
2339.0000	3492149.7500
2340.0000	3496814.7500
2341.0000	3497319.7500
2342.0000	3501619.7500
2343.0000	3500604.7500
2344.0000	3503079.7500
2345.0000	3506239.7500
2346.0000	3508879.7500
2347.0000	3507149.7500
2348.0000	3503679.7500
2349.0000	3504809.7500
2350.0000	3508139.7500
2351.0000	3510924.7500
2352.0000	3513764.7500
2353.0000	3515854.7500
2354.0000	3514004.7500
2355.0000	3515609.7500
2356.0000	3519204.7500
2357.0000	3520024.7500
2358.0000	3519619.7500
2359.0000	3518459.7500
2360.0000	3524924.7500
2361.0000	3527474.7500
2362.0000	3521469.7500
2363.0000	3527594.7500
2364.0000	3530859.7500
2365.0000	3530299.7500
2366.0000	3532079.7500
2367.0000	3529854.7500
2368.0000	3529099.7500
2369.0000	3535494.7500
2370.0000	3540034.7500
2371.0000	3534069.7500
2372.0000	3541669.7500
2373.0000	3542739.7500
2374.0000	3537154.7500
2375.0000	3538779.7500
2376.0000	3543049.7500
2377.0000	3543624.7500
2378.0000	3542469.7500
2379.0000	3555114.7500
2380.0000	3553964.7500
2381.0000	3550244.7500
2382.0000	3549709.7500
2383.0000	3556679.7500
2384.0000	3553064.7500
2385.0000	3557684.7500
2386.0000	3558414.7500
2387.0000	3550894.7500
2388.0000	3562039.7500
2389.0000	3562979.7500
2390.0000	3562744.7500
2391.0000	3565004.7500
2392.0000	3563694.7500
2393.0000	3568134.7500
2394.0000	3562529.7500
2395.0000	3574169.7500
2396.0000	3565939.7500
2397.0000	3574924.7500
2398.0000	3569984.7500
2399.0000	3574004.7500
2400.0000	3578929.7500
